# unix_time, cycles_done, cur_path, paths_total, pending_total, pending_favs, map_size, unique_crashes, unique_hangs, max_depth, execs_per_sec
1606609531, 0, 0, 3, 3, 3, 0.44%, 0, 0, 1, 1.19
1606611585, 0, 0, 10, 10, 3, 0.48%, 0, 1, 2, 17.28
1606611600, 0, 0, 10, 10, 3, 0.48%, 0, 2, 2, 1.00
1606611645, 0, 0, 12, 12, 3, 0.48%, 0, 2, 2, 1.00
1606611695, 0, 0, 22, 22, 3, 0.49%, 1, 2, 2, 6.17
1606611802, 0, 0, 23, 23, 3, 0.49%, 2, 2, 2, 1.00
1606611866, 0, 0, 24, 24, 3, 0.50%, 2, 2, 2, 5.90
1606611961, 0, 0, 24, 24, 3, 0.50%, 2, 3, 2, 1.00
1606612007, 0, 0, 24, 24, 3, 0.50%, 2, 4, 2, 1.00
1606612087, 0, 0, 24, 24, 3, 0.50%, 2, 5, 2, 1.00
1606612122, 0, 1, 24, 23, 13, 0.50%, 2, 5, 2, 0.99
